2026 01 08 15 45
2026 01 10 01 55
2026 01 13 06 01
2026 01 18 13 21
2026 01 19 18 44
2026 01 23 12 24
2026 02 02 16 35
2026 02 08 00 38
2026 02 09 15 30
2026 02 10 22 19
2026 02 11 00 24
2026 02 14 11 02
2026 02 15 03 35
2026 02 16 03 39
2026 02 19 07 15
2026 02 23 12 22
2026 02 24 11 37
2026 03 01 18 16
2026 03 06 08 47
2026 03 08 14 00
2026 03 13 09 58
2026 03 15 14 15
2026 03 20 12 38
2026 03 21 07 38
2026 03 25 01 37
2026 03 26 21 04
2026 03 27 23 13
2026 03 28 06 21
2026 04 04 09 53
2026 04 05 20 13
2026 04 10 23 00
2026 04 12 15 33
2026 04 13 07 45
2026 04 21 05 52
2026 04 21 06 31
2026 04 26 18 37
2026 05 04 05 09
2026 05 04 11 42
2026 05 11 08 25
2026 05 12 02 58
2026 05 13 14 41
2026 05 14 01 39
2026 05 21 19 16
2026 06 09 23 39
2026 06 10 13 57
2026 06 18 20 40
2026 06 19 03 53
2026 06 20 23 39
2026 06 22 10 28
2026 07 10 04 02
2026 07 11 12 33
2026 07 11 21 48
2026 07 11 22 33
2026 07 14 16 31
2026 07 14 20 33
2026 07 14 21 04
2026 07 19 11 50
2026 07 21 11 01
2026 07 25 01 42
2026 07 28 00 05
2026 08 12 02 44
2026 08 12 10 47
2026 08 13 17 36
2026 08 14 15 13
2026 08 15 22 46
2026 08 16 17 38
2026 08 19 02 43
2026 08 20 17 10
2026 08 21 11 00
2026 08 25 06 00
2026 08 28 10 07
2026 08 28 20 21
2026 09 01 18 43
2026 09 12 14 38
2026 09 14 22 01
2026 09 22 16 48
2026 09 25 17 45
2026 10 08 09 44
2026 10 18 06 31
2026 10 20 11 02
2026 10 20 17 30
2026 10 27 02 39
2026 10 27 19 35
2026 10 28 05 34
2026 11 01 06 33
2026 11 01 21 47
2026 11 13 01 44
2026 11 15 06 13
2026 11 19 04 45
2026 11 20 00 30
2026 11 20 10 37
2026 11 21 22 20
2026 12 03 18 23
2026 12 05 13 33
2026 12 08 11 54
2026 12 09 08 19
2026 12 13 04 12
2026 12 21 05 45
2026 12 25 08 10
2026 12 28 09 40
